710000 2820000 -3.09939790701536
710303.03030303 2819393.93939394 -3.17112994028007
710606.060606061 2818787.87878788 -3.35745877665587
710909.090909091 2818181.81818182 -3.45591202348104
711212.121212121 2817575.75757576 -3.50465103675217
711515.151515151 2816969.6969697 -3.50617870325854
711818.181818182 2816363.63636364 -3.50876494668612
712121.212121212 2815757.57575758 -3.53744318010629
712424.242424242 2815151.51515152 -3.61600378057668
712727.272727273 2814545.45454545 -3.72849477813805
713030.303030303 2813939.39393939 -3.8259032782004
713333.333333333 2813333.33333333 -3.88105663063317
713636.363636364 2812727.27272727 -3.88573559102566
713939.393939394 2812121.21212121 -3.83708471333892
714242.424242424 2811515.15151515 -3.75256815567081
714545.454545455 2810909.09090909 -3.67994369252422
714848.484848485 2810303.03030303 -3.64561919288683
715151.515151515 2809696.96969697 -3.68772496417816
715454.545454545 2809090.90909091 -3.79760792772451
715757.575757576 2808484.84848485 -3.95704854942272
716060.606060606 2807878.78787879 -4.12419193189886
716363.636363636 2807272.72727273 -4.26380555081962
716666.666666667 2806666.66666667 -4.36661132910064
716969.696969697 2806060.60606061 -4.44546525129555
717272.727272727 2805454.54545455 -4.52143035365869
717575.757575758 2804848.48484848 -4.64388905331417
717878.787878788 2804242.42424242 -4.86084043847306
718181.818181818 2803636.36363636 -5.16719092139228
718484.848484849 2803030.3030303 -5.54699767258205
718787.878787879 2802424.24242424 -5.98602705840658
719090.909090909 2801818.18181818 -6.38875989599341
719393.939393939 2801212.12121212 -6.71258824893969
719696.96969697 2800606.06060606 -6.98657330400883
720000 2800000 -7.16509682308991
720303.03030303 2799393.93939394 -7.28485677483589
720606.060606061 2798787.87878788 -7.39848373406505
720909.090909091 2798181.81818182 -7.56040025628635
721212.121212121 2797575.75757576 -7.7566467458355
721515.151515151 2796969.6969697 -7.99356418702034
721818.181818182 2796363.63636364 -8.26846516229129
722121.212121212 2795757.57575758 -8.52276552544366
722424.242424242 2795151.51515152 -8.73102365581422
722727.272727273 2794545.45454545 -8.88014709796479
723030.303030303 2793939.39393939 -8.95497169062914
723333.333333333 2793333.33333333 -8.97538976965609
723636.363636364 2792727.27272727 -8.95115026620523
723939.393939394 2792121.21212121 -8.89601076452458
724242.424242424 2791515.15151515 -8.80798673087774
724545.454545455 2790909.09090909 -8.66296469701191
724848.484848485 2790303.03030303 -8.46699188978528
725151.515151515 2789696.96969697 -8.19983305535992
725454.545454545 2789090.90909091 -7.89758632730093
725757.575757576 2788484.84848485 -7.48719855991856
726060.606060606 2787878.78787879 -7.02815066350891
726363.636363636 2787272.72727273 -6.55182322099615
726666.666666667 2786666.66666667 -6.00536238028686
726969.696969697 2786060.60606061 -5.47576347793062
727272.727272727 2785454.54545455 -5.00164551158847
727575.757575758 2784848.48484848 -4.52815182755472
727878.787878788 2784242.42424242 -4.09696098660334
728181.818181818 2783636.36363636 -3.7271841187736
728484.848484849 2783030.3030303 -3.38684525687063
728787.878787879 2782424.24242424 -3.04835639030876
729090.909090909 2781818.18181818 -2.69865465933262
729393.939393939 2781212.12121212 -2.33198461563648
729696.96969697 2780606.06060606 -1.89541673859212
730000 2780000 -1.43646886751274
730303.03030303 2779393.93939394 -0.9808040171135
730606.060606061 2778787.87878788 -0.498503059900409
730909.090909091 2778181.81818182 -0.0624116668043713
731212.121212121 2777575.75757576 0.306638472149621
731515.151515151 2776969.6969697 0.609961725843865
731818.181818182 2776363.63636364 0.895612762091626
732121.212121212 2775757.57575758 1.14743684461389
732424.242424242 2775151.51515152 1.37248965500238
732727.272727273 2774545.45454545 1.59827959130701
733030.303030303 2773939.39393939 1.81801991371311
733333.333333333 2773333.33333333 2.00022073834352
733636.363636364 2772727.27272727 2.1581386001137
733939.393939394 2772121.21212121 2.27042598185905
734242.424242424 2771515.15151515 2.34601310771922
734545.454545455 2770909.09090909 2.39470421796689
734848.484848485 2770303.03030303 2.44828367122941
735151.515151515 2769696.96969697 2.50592244783687
735454.545454545 2769090.90909091 2.58031631563061
735757.575757576 2768484.84848485 2.65068900386741
736060.606060606 2767878.78787879 2.70592402447232
736363.636363636 2767272.72727273 2.7110420530819
736666.666666667 2766666.66666667 2.68537293456187
736969.696969697 2766060.60606061 2.60436780073879
737272.727272727 2765454.54545455 2.53740288591325
737575.757575758 2764848.48484848 2.44753396027458
737878.787878788 2764242.42424242 2.35100347013377
738181.818181818 2763636.36363636 2.25161918899813
738484.848484849 2763030.3030303 2.08856131241784
738787.878787879 2762424.24242424 1.8732361166906
739090.909090909 2761818.18181818 1.59829784859326
739393.939393939 2761212.12121212 1.25262032456215
739696.96969697 2760606.06060606 0.873810612846671
740000 2760000 0.502363683592731