710303.03030303 2819393.93939394 -7.87197520661155
710606.060606061 2818787.87878788 -7.95747382920113
710909.090909091 2818181.81818182 -7.77401652892563
711212.121212121 2817575.75757576 -7.37893112947671
711515.151515151 2816969.6969697 -6.80283654729097
711818.181818182 2816363.63636364 -6.1120743801652
712121.212121212 2815757.57575758 -5.31602754820927
712424.242424242 2815151.51515152 -4.48852800734617
712727.272727273 2814545.45454545 -3.67268595041328
713030.303030303 2813939.39393939 -2.90751606978891
713333.333333333 2813333.33333333 -2.21277777777791
713636.363636364 2812727.27272727 -1.61431404958693
713939.393939394 2812121.21212121 -1.16267676767666
714242.424242424 2811515.15151515 -0.872047750229526
714545.454545455 2810909.09090909 -0.749892561983464
714848.484848485 2810303.03030303 -0.794494031221311
715151.515151515 2809696.96969697 -0.99212947658401
715454.545454545 2809090.90909091 -1.31928099173548
715757.575757576 2808484.84848485 -1.75250321395771
716060.606060606 2807878.78787879 -2.25918824609724
716363.636363636 2807272.72727273 -2.8003223140497
716666.666666667 2806666.66666667 -3.33922222222228
716969.696969697 2806060.60606061 -3.84404224058777
717272.727272727 2805454.54545455 -4.27633884297523
717575.757575758 2804848.48484848 -4.6140303030303
717878.787878788 2804242.42424242 -4.82902479338841
718181.818181818 2803636.36363636 -4.9308016528926
718484.848484849 2803030.3030303 -4.90215518824617
718787.878787879 2802424.24242424 -4.74471258034884
719090.909090909 2801818.18181818 -4.44508264462798
719393.939393939 2801212.12121212 -4.0394049586776
719696.96969697 2800606.06060606 -3.51338567493107
720000 2800000 -2.893
720303.03030303 2799393.93939394 -2.17177226813597
720606.060606061 2798787.87878788 -1.37757392102862
720909.090909091 2798181.81818182 -0.504768595041523
721212.121212121 2797575.75757576 0.438492194673703
721515.151515151 2796969.6969697 1.46741873278262
721818.181818182 2796363.63636364 2.56607438016545
722121.212121212 2795757.57575758 3.76464187327838
722424.242424242 2795151.51515152 5.06452984389351
722727.272727273 2794545.45454545 6.48878512396684
723030.303030303 2793939.39393939 8.04100459136796
723333.333333333 2793333.33333333 9.74488888888856
723636.363636364 2792727.27272727 11.5949421487598
723939.393939394 2792121.21212121 13.5969715335175
724242.424242424 2791515.15151515 15.7506363636367
724545.454545455 2790909.09090909 18.0521239669425
724848.484848485 2790303.03030303 20.4764912764005
725151.515151515 2789696.96969697 23.0093425160697
725454.545454545 2789090.90909091 25.6197603305781
725757.575757576 2788484.84848485 28.28305050505
726060.606060606 2787878.78787879 30.9395362718083
726363.636363636 2787272.72727273 33.5590743801661
726666.666666667 2786666.66666667 36.0996666666672
726969.696969697 2786060.60606061 38.5167612488525
727272.727272727 2785454.54545455 40.7664876033059
727575.757575758 2784848.48484848 42.8501946740128
727878.787878788 2784242.42424242 44.7378842975205
728181.818181818 2783636.36363636 46.406727272727
728484.848484849 2783030.3030303 47.8061781450869
728787.878787879 2782424.24242424 48.9542516069793
729090.909090909 2781818.18181818 49.8195950413226
729393.939393939 2781212.12121212 50.4546905417816
729696.96969697 2780606.06060606 50.8421955922865
730000 2780000 51.031
730303.03030303 2779393.93939394 50.9825867768595
730606.060606061 2778787.87878788 50.7608181818183
730909.090909091 2778181.81818182 50.3575454545455
731212.121212121 2777575.75757576 49.807456382002
731515.151515151 2776969.6969697 49.0943250688704
731818.181818182 2776363.63636364 48.2947438016528
732121.212121212 2775757.57575758 47.4339954086317
732424.242424242 2775151.51515152 46.5213232323232
732727.272727273 2774545.45454545 45.5038842975207
733030.303030303 2773939.39393939 44.3824453627183
733333.333333333 2773333.33333333 43.1583333333335
733636.363636364 2772727.27272727 41.9436694214879
733939.393939394 2772121.21212121 40.6603783287417
734242.424242424 2771515.15151515 39.2921450872358
734545.454545455 2770909.09090909 37.8545041322312
734848.484848485 2770303.03030303 36.3531882460973
735151.515151515 2769696.96969697 34.7804609733701
735454.545454545 2769090.90909091 33.1396115702482
735757.575757576 2768484.84848485 31.441456382002
736060.606060606 2767878.78787879 29.690451790634
736363.636363636 2767272.72727273 27.8885702479335
736666.666666667 2766666.66666667 26.0423333333331
736969.696969697 2766060.60606061 24.1526932966021
737272.727272727 2765454.54545455 22.2395950413222
737575.757575758 2764848.48484848 20.3041368227732
737878.787878788 2764242.42424242 18.3505794306706
738181.818181818 2763636.36363636 16.3920165289258
738484.848484849 2763030.3030303 14.4372066115706
738787.878787879 2762424.24242424 12.4933461891639
739090.909090909 2761818.18181818 10.5624958677683
739393.939393939 2761212.12121212 8.64617079889772
739696.96969697 2760606.06060606 6.75402387511461
740000 2760000 4.891